52
53
60
104
106
107
127
189
212
220
226
268
296
326
401
426
566
576
613
642
646
706
753
813
816
842
889
894
945
1007
1031
1127
1156
1175
1254
1259
1262
1271
1274
1328
1348
1444
1449
1475
1487
1499
1508
1516
1519
1569
1610
1666
1672
1723
1726
1735
1743
1784
1812
1829
1875
1879
1889
1928
1955
1978
2008
2059
2111
2146
2245
2251
2439
2455
2498
2503
2518
2577
2594
2595
2633
2664
2734
2749
2767
2885
2898
2900
2941
2954
2977
3005
3009
3028
3064
3065
3091
3108
3123
3166
3258
3284
3331
3381
3486
3539
3540
3560
3750
3752
3766
3842
3845
3849
3907
3915
3948
3975
3982
3991
3993
3997
4005
4105
4119
4150
4167
4200
4203
4229
4262
4340
4359
4415
4426
4431
4456
4474
4558
4566
4592
4610
4615
4636
4639
4700
4712
4785
4797
4818
4846
4882
5006
5044
5072
5092
5105
5117
5140
5153
5190
5238
5243
5277
5279
5283
5339
5347
5349
5351
5386
5404
5421
5443
5492
5496
5580
5601
5621
5628
5653
5741
5788
5828
5888
5890
5966
6049
6110
6125
6169
6204
6217
6241
6272
6273
6294
6303
6444
6516
6520
6528
6651
6652
6677
6708
6760
6864
6874
6916
6926
7048
7051
7113
7138
7170
7190
7213
7249
7250
7300
7321
7324
7341
52
53
60
104
106
107
127
189
212
220
226
268
296
326
401
426
566
576
613
642
646
706
753
813
816
842
889
894
945
1007
1031
1127
1156
1175
1254
1259
1262
1271
1274
1328
1348
1444
1449
1475
1487
1499
1508
1516
1519
1569
1610
1666
1672
1723
1726
1735
1743
1784
1812
1829
1875
1879
1889
1928
1955
1978
2008
2059
2111
2146
2245
2251
2439
2455
2498
2503
2518
2577
2594
2595
2633
2664
2734
2749
2767
2885
2898
2900
2941
2954
2977
3005
3009
3028
3064
3065
3091
3108
3123
3166
3258
3284
3331
3381
3486
3539
3540
3560
3750
3752
3766
3842
3845
3849
3907
3915
3948
3975
3982
3991
3993
3997
4005
4105
4119
4150
4167
4200
4203
4229
4262
4340
4359
4415
4426
4431
4456
4474
4558
4566
4592
4610
4615
4636
4639
4700
4712
4785
4797
4818
4846
4882
5006
5044
5072
5092
5105
5117
5140
5153
5190
5238
5243
5277
5279
5283
5339
5347
5349
5351
5386
5404
5421
5443
5492
5496
5580
5601
5621
5628
5653
5741
5788
5828
5888
5890
5966
6049
6110
6125
6169
6204
6217
6241
6272
6273
6294
6303
6444
6516
6520
6528
6651
6652
6677
6708
6760
6864
6874
6916
6926
7048
7051
7113
7138
7170
7190
7213
7249
7250
7300
7321
7324
7341
